3.597
3.1457
3.264
3.348
3.115
3.1258
3.1071
3.531
3.250
3.316
3.1353
3.189
3.1336
3.878
3.411
3.290
3.57
3.1147
3.1258
3.19
3.176
3.784
3.1064
3.516
3.228
3.52
3.174
3.470
3.337
3.671
3.1200
3.301
3.985
3.656
3.1203
3.1100
3.733
3.170
3.1005
3.96
3.1254
3.1182
3.1338
3.745
3.790
3.10
3.1496
3.1152
3.125
3.1184
3.590
3.113
3.92
3.1145
3.924
3.405
3.938
3.403
3.1042
3.856
3.950
3.896
3.755
3.977
3.58
3.623
3.498
3.259
3.1317
3.736
3.209
3.106
3.926
3.106
3.488
3.1217
3.401
3.579
3.776
3.1289
3.1288
3.659
3.1023
3.825
3.1264
3.1314
3.98
3.1443
3.283
3.1023
3.1374
3.941
3.11
3.1025
3.1060
3.130
3.102
3.25
3.786
3.180
3.1005
3.912
3.1288
3.675
3.234
3.1355
3.323
3.1479
3.1475
3.1024
3.653
3.497
3.780
3.673
3.1458
3.566
3.1468
3.301
3.16
3.1244
3.515
3.1124
3.18
3.620
3.185
3.906
3.1405
3.215
3.1388
3.878
3.1321
3.1403
3.1249
3.1451
3.1152
3.121
3.1462
3.1422
3.55
3.845
3.1018
3.1386
3.1366
3.1412
3.521
3.277
3.1126
3.505
3.989
3.241
3.884
3.458
3.540
3.983
3.584
3.1485
3.592
3.224
3.1107
3.419
3.28
3.416
3.393
3.1234
3.1042
3.74
3.457
3.843
3.73
3.230
3.1143
3.620
3.1465
3.1269
3.58
3.728
3.34
3.1305
3.983
3.890
3.372
3.867
3.808
3.1076
3.199
3.665
3.550
3.148
3.415
3.1299
3.1331
3.198
3.1263
3.157
3.1410
3.1183
3.750
3.45
3.1129
3.1225
3.371
3.11
3.1430
3.755
3.1132
3.1076
3.1320
3.839
3.347
3.642
3.93
3.32
3.842
3.617
3.308
3.1196
3.673
3.300
3.987
3.32
3.15
3.1277
3.453
3.1123
3.43
3.25
3.756
3.680
3.1177
3.1383
3.547
3.1091
3.599
3.750
3.1016
3.353
3.121
3.210
3.1177
3.502
3.1437
3.1011
3.34
3.957
3.1334
3.242
3.402
3.840
3.1330
3.575
3.1504
3.1395
3.931
3.318
3.396
3.1381
3.675
3.1169
3.1039
3.233
3.1504
3.102
3.101
3.1022
3.519
3.1224
3.742
3.199
3.1405
3.577
3.46
3.758
3.677
3.13
3.292
3.1190
3.51
3.413
3.937
3.777
3.831
3.266
3.676
3.263
3.400
3.924
3.188
3.651
3.1251
3.1183
3.422
3.1134
3.431
3.709
3.767
3.776
3.239
3.156
3.253
3.1261
3.406
3.1142
3.955
3.1061
3.813
3.781
3.1387
3.1512
3.750
3.208
3.19
3.667
3.159
3.1286
3.475
3.956
3.795
3.316
3.1135
3.713
3.602
3.696
3.54
3.999
3.637
3.718
3.1227
3.591
3.1338
3.1170
3.209
3.978
3.699
3.122
3.1369
3.103
3.556
3.851
3.244
3.1450
3.298
3.1436
3.1324
3.1438
3.868
3.1073
3.739
3.1165
3.1471
3.898
3.358
3.977
3.893
3.845
3.1488
3.1342
3.448
3.722
3.905
3.687
3.288
3.1285
3.1082
3.634
3.1212
3.1249
3.458
3.122
3.1025
3.1448
3.1383
3.119
3.1222
3.1491
3.665
3.1156
3.39
3.59
3.46
3.703
3.987
3.444
3.1453
3.923
3.1452
3.1219
3.176
3.331
3.931
3.1114
3.331
3.629
3.326
3.677
3.1173
3.1456
3.739
3.161
3.30
3.1152
3.1400
3.451
3.133
3.177
3.21
3.1370
3.396
3.1226
3.458
3.91
3.1461
3.315
3.798
3.930
3.773
3.530
3.205
3.1449
3.1262
2.4
3.776
3.152
3.1314
3.257
3.1409
3.1420
3.25
3.905
3.95
3.580
3.340
3.162
3.1159
3.621
3.1059
3.401
3.1510
3.976
3.143
3.609
3.1471
3.695
3.1425
3.801
3.298
3.183
3.1410
2.4
3.1398
3.205
3.583
3.181
3.1208
3.1328
3.552
3.725
3.967
3.51
3.238
3.975
3.298
3.288
3.984
3.1090
3.558
3.1467
3.471
3.1126
3.629
3.884
3.442
3.446
3.1404
3.502
3.105
3.1348
3.1446
3.941
3.138
3.843
3.305
3.216
3.1355
3.1453
3.98
3.279
3.245
3.1352
3.665
3.1437
3.17
3.376
3.1102
3.1490
3.379
3.463
3.989
3.82
3.1154
3.120
3.603
3.160
3.877
3.1447
3.73
3.826
3.974
3.629
3.1140
3.1171
3.170
3.482
3.68
3.507
3.1131
3.1113
3.781
3.1030
3.936
3.612
3.1208
3.86
3.219
3.1112
3.198
3.374
3.962
3.681
3.314
3.1319
3.290
3.119
3.1366
3.859
3.1510
3.1112
3.1330
3.391
3.1298
3.1226
3.119
3.980
3.523
3.935
3.1219
3.1237
3.256
3.1285
3.886
3.1477
3.1103
3.1265
3.154
3.1309
3.1248
3.1363
3.557
3.1286
3.435
3.286
3.153
3.1494
3.496
3.90
3.655
3.521
3.1166
3.447
3.833
3.401
3.1445
3.1478
3.265
3.80
3.1251
3.1048
3.589
3.1221
3.906
3.876
3.140
3.579
3.476
3.1283
3.499
3.113
3.512
3.100
3.568
3.1064
3.604
3.321
3.1199
3.568
3.1299
3.1491
3.770
3.664
3.209
3.1333
3.866
3.825
3.41
3.1261
3.233
3.407
3.80
3.642
3.815
3.1103
3.610
3.284
3.22
3.280
3.1304
3.999
3.987
3.813
3.610
3.312
3.1480
3.1355
3.1137
3.24
3.1397
3.1090
3.421
3.156
3.792
3.530
3.857
3.681
3.953
3.875
3.1241
3.852
3.645
3.1370
3.993
3.69
3.173
3.148
3.296
3.1240
3.849
3.989
3.614
3.206
3.644
3.498
3.1081
3.1050
3.11
3.383
3.515
3.1159
3.23
3.568
3.34
3.1249
3.563
3.1149
3.1017
3.462
3.382
3.430
3.1476
3.1389
3.694
3.873
3.866
3.139
3.1418
3.117
3.851
3.251
3.452
3.196
3.444
3.410
3.1309
3.1342
3.65
3.164
3.44
3.997
3.349
3.1290
3.376
3.225
3.1041
3.520
3.337
3.640
3.1109
3.802
3.1367
3.559
3.779
3.854
3.386
3.796
3.812
3.515
3.1270
3.1329
3.1349
3.1116
3.811
3.464
3.1462
3.573
3.159
3.746
3.997
3.645
3.1381
3.1130
3.649
3.1479
3.486
3.1191
3.1361
3.433
3.727
3.1111
3.825
3.1103
3.790
3.75
3.1426
3.35
3.490
3.639
3.991
3.1161
3.1116
3.19
3.90
3.126
3.277
3.260
3.663
3.449
3.894
3.1505
3.676
3.490
3.593
3.1441
3.211
3.519
3.678
3.1252
3.174
3.148
3.1370
3.348
3.350
3.915
3.785
3.1160
3.1155
3.1343
3.323
3.234
3.467
3.789
3.1274
3.1487
3.708
3.387
3.164
3.156
3.908
3.168
3.579
3.1056
3.306
3.956
3.991
3.1483
3.1277
3.213
3.590
3.897
3.353
3.437
3.1351
1.1
3.1221
3.612
3.571
3.811
3.126
3.1021
3.458
3.563
3.1153
3.757
3.1055
3.1276
3.56
3.611
3.153
3.732
3.277
3.1321
3.389
3.436
3.45
3.477
3.846
3.1180
3.1450
3.877
3.1241
3.1439
3.848
3.1444
3.1415
3.1344
3.1046
3.1271
3.1448
3.85
3.1141
3.419
3.554
3.17
3.41
3.536
3.905
3.1158
3.928
3.577
3.838
3.651
3.1180
3.1260
3.1068
3.440
3.106
3.1493
3.1288
3.1167
3.1105
3.903
3.551
3.264
3.624
3.1223
3.677
3.734
3.283
3.357
3.859
3.689
3.1260
3.444
3.940
3.1188
3.174
3.100
3.336
3.795
3.838
3.1124
3.870
3.407
3.490
3.1367
3.1351
3.1253
3.1162
3.1158
3.604
3.1170
3.768
3.1335
3.794
3.351
3.1166
3.144
3.210
3.629
3.475
3.1172
3.504
3.576
3.954
3.255
3.763
3.1326
3.1381
3.881
3.920
3.1435
3.1296
3.1091
3.937
3.764
3.1259
3.923
3.1138
3.81
3.1329
3.1021
3.107
3.237
3.675
3.371
3.792
3.185
3.462
3.259
3.894
3.267
3.573
3.872
3.906
3.1457
3.557
3.284
3.1441
3.1146
3.934
3.1252
3.881
3.1340
3.1371
3.1179
3.169
3.202
3.559
3.404
3.959
3.1071
3.225
3.536
3.1174
3.1110
3.1485
3.66
3.941
3.1325
3.1168
3.1506
3.1151
3.674
3.507
3.1291
3.531
3.1347
3.1092
3.1312
3.655
3.639
3.673
3.827
3.1389
3.567
3.910
3.1148
3.919
3.711
3.1049
3.674
3.1020
3.546
3.641
3.507
3.1200
3.98
3.1117
3.1168
3.475
3.1176
3.269
3.735
3.138
3.1202
3.985
3.197
3.773
3.1470
3.1430
3.1276
3.1287
3.1179
3.418
3.228
3.840
3.1380
3.328
3.630
3.277
3.171
3.252
3.1034
3.503
3.1430
3.1492
3.649
3.402
3.707
3.653
3.1081
3.374
3.1009
3.254
3.1471
3.532
3.966
3.566
3.467
3.654
3.921
3.71
3.1437
3.604
3.17
3.836
3.540
3.218
3.422
3.763
3.1126
3.1371
3.303
3.1348
3.118
3.1297
3.616
3.115
3.409
3.790
3.447
3.1167
3.1148
3.24
3.388
3.479
3.510
3.408
3.1484
3.490
3.893
3.1351
3.241
3.590
3.819
3.1096
3.1075
3.826
3.129
3.1259
3.226
3.497
3.1330
3.830
3.353
3.473
3.1364
3.424
3.389
3.1436
3.575
3.342
3.750
3.577
3.407
3.69
3.1414
3.1069
3.56
3.190
3.927
3.681
3.137
3.407
3.1222
3.189
3.1005
3.288
3.611
3.1016
3.479
2.9
3.310
3.1059
3.1172
3.1251
3.1485
3.426
3.1403
1.1
3.1468
3.355
3.574
3.1422
3.1242
3.754
3.775
3.875
3.570
3.1137
3.1232
3.1373
3.1414
3.1454
3.440
3.333
3.449
3.680
3.1276
3.1042
3.339
3.1432
3.573
3.400
3.1245
3.1202
3.454
3.1256
3.529
3.263
3.1155
3.1253
3.1454
3.965
3.179
3.754
3.1402
3.485
3.1170
3.511
3.61
3.229
3.113
3.956
3.248
3.1448
3.220
3.1126
3.678
3.431
3.1416
3.209
3.266
3.194
3.401
3.1131
3.447
3.531
3.746
3.265
3.489
3.382
3.782
3.410
3.16
3.1145
3.1473
2.5
3.1137
3.166
3.870
3.449
3.730
3.725
3.297
3.1002
3.38
3.1331
3.95
3.1086
3.1291
3.346
3.1190
3.795
3.858
3.279
3.1413
3.1322
3.946
3.12
3.326
2.7
3.1048
3.742
3.1232
3.723
3.565
3.402
3.671
3.1284
3.539
3.193
3.61
3.1122
3.224
3.1314
3.125
3.1109
3.592
3.1013
3.230
3.121
3.887
3.1317
3.1131
3.967
3.327
3.662
3.55
3.714
3.634
3.1063
3.862
3.700
3.366
3.88
3.936
3.864
3.987
3.298
3.775
3.1102
3.54
3.871
3.817
3.1238
3.881
3.271
3.918
3.923
3.41
3.1086
3.165
3.385
3.473
3.897
3.611
3.1416
3.947
3.25
3.966
3.1053
3.21
3.245
3.207
3.928
3.779
3.656
3.843
3.167
3.1337
3.1427
3.802
3.763
3.794
3.217
3.655
3.1468
3.162
3.1304
3.249
3.1307
3.1365
3.175
3.1194
3.279
3.291
3.859
3.869
3.1115
3.1128
3.986
3.888
3.1432
3.1270
3.47
3.888
3.1316
3.99
3.330
3.106
3.146
3.1512
3.959
3.348
3.1002
3.360
3.812
3.562
3.92
3.844
3.986
3.1039
3.980
3.1096
3.515
3.34
3.1266
3.893
3.902
3.1374
3.149
3.1335
3.506
3.55
3.257
3.1255
3.863
3.984
3.666
3.984
3.535
3.75
3.1070
3.517
3.877
3.1048
3.1189
3.350
3.331
3.1334
3.355
3.47
3.600
3.1456
3.1227
3.1433
2.4
3.1353
3.566
3.1449
3.592
3.516
3.1299
3.932
3.116
3.976
3.843
3.1425
3.145
3.1085
3.443
3.200
3.69
3.168
3.1213
3.737
3.1089
3.367
3.1015
3.1223
3.917
3.1273
3.896
3.1087
3.198
3.1254
3.923
3.1434
3.1256
3.747
3.460
3.230
3.79
3.886
3.1424
3.707
3.948
3.495
3.647
3.909
3.998
3.894
3.1105
3.1115
3.119
3.1469
3.1422
3.868
3.1409
3.1303
3.648
3.893
3.1176
3.157
3.47
3.263
3.966
3.1270
3.557
3.1288
3.840
3.467
3.182
3.489
3.925
3.999
3.623
3.1112
3.1240
3.83
3.1085
3.1108
3.1009
3.976
3.1033
3.576
3.393
3.631
3.553
3.1393
3.463
3.1487
3.347
3.1048
3.417
3.30
3.808
3.923
3.159
3.406
3.456
3.570
3.263
3.757
3.574
3.638
3.897
3.334
3.99
3.505
3.1049
3.1000
3.1279
3.1403
3.1322
3.1436
3.379
3.572
3.675
3.29
3.1073
3.531
3.1424
3.850
3.959
3.518
3.972
3.665
3.255
3.1048
3.52
3.802
3.1406
3.776
3.1165
3.657
3.295
3.111
3.870
3.289
3.422
3.1458
3.1321
3.1252
3.1191
3.1426
3.598
2.4
3.1354
3.58
3.146
3.334
3.992
3.1227
3.430
3.1409
3.289
3.905
3.347
3.760
3.1172
3.505
3.381
3.506
3.325
3.1512
3.96
3.1278
3.23
3.762
3.1267
3.863
3.362
3.449
3.730
3.499
3.805
3.890
3.1296
3.360
3.1089
3.1200
3.613
3.266
3.1128
3.420
